+10:30
+09:30
-05
+06:30
+08:45
-03
+11
+10
+10
+04:30
-08
-09
+06
-03
-04
+04
+12
+05
-03
+03
-04
+08
00
-01
+04
+08
+06
-12
-04
-02
-03
+06
+11
+01
+06
+02
+06:30
-05
-04
+02
+01
+13:45
+12:45
+08
+09
+10
+10
-08
-10
-03
-04
-04
-05
-06
+08
-05
-06
-01
+08:45
+07
+07
+10
+01
-05
-06
+03
-04
-05
-04
+03
+02
00
-01
-05
-05
+03
+12
-03
-04
-02
-06
-09
+04
-03
+12
-09
00
-02
+04
-04
-09
+02
-10
+08
+05
+08
+07
+07
-12
+03
+03
+04:30
+08
+03:30
+05:30
+01
+02
+09
+02
+06
+11
+07
+09
+10:30
+11
+14
+12
-09:30
+05
-06
+01
+02
+12
+11
-09:30
+06:30
+03
+08
-07
+04
+05
+08
+11
-02:30
+11
+07
+05:45
-03:30
-03:30
-11
+13
+12
+06
+05
-07
-05
+12
+10
+13
+08
+08
+05
-02
-03
+11
-08
+09
-03
-04
+04
-03
+11
+04
+02
+11
+04
-10
+08
+05:30
+11
-03
-11
+08
+03
-10
+07
+05
+05
+13
+09
+05
+03
+13
+12
+09
+08
00
-02
-03
+05
-04
+10
+04
+06
+11
+12
+02
+01
+01
00
+07
+09
+08
-02
-03
+08
+09
+05
